"symbol","logFC","logCPM","F","PValue","FDR"
"ADAMTS13",-2.89111926542515,3.28503111828599,497.711229973718,5.03087810977404e-74,1.03138032128478e-69
"OIT3",-3.56788899916251,4.23373623668562,472.105468294806,2.15978647889835e-71,2.21388913019476e-67
"ECM1",-3.03612136576936,3.87012062516248,344.067509193732,5.40024647594036e-57,3.69034843344178e-53
"CSRNP1",-2.20108888990572,5.36514995236504,342.063000451505,9.46909561451885e-57,4.85314822983127e-53
"CCL23",-3.95640294731769,-1.63415509677944,329.380397662393,1.5832409999967e-54,6.49160474818646e-51
"CFP",-3.36367791653709,3.0498453033811,318.363191400323,8.10918251962545e-54,2.77077251391402e-50
"BMPER",-4.54152653640845,0.740495597880867,313.782498588,3.06559216558669e-53,8.97824356952753e-50
"RND3",-2.45895698859309,5.60543675217275,299.589454987915,1.9900997232429e-51,5.09987930327534e-48
"RCAN1",-2.33558414022927,6.15749755214627,292.924752393436,1.4525748591163e-50,3.30880413186036e-47
"ANGPTL6",-3.0138767099725,2.6738157731548,283.779740193424,2.28951588575005e-49,4.69373651737618e-46
"DBH",-3.62935314344642,2.93570012493125,278.860262418846,1.0241507567316e-48,1.90873769670496e-45
"PLVAP",2.97071402188176,6.53656946431067,278.172560006819,1.26379245589897e-48,2.15908409486541e-45
"LRAT",-3.26955231441923,1.29588144352148,271.412971639341,1.00916980622999e-47,1.59146078442469e-44
"STAB2",-5.12949739278216,2.15578332120285,269.871923970647,1.62513061519896e-47,2.37977162444242e-44
"VIPR1",-3.53545314847864,2.60474350375052,263.421829385991,1.20771301402141e-46,1.65062163336352e-43
"PTH1R",-3.31774239423235,2.39930572696344,260.315422587099,3.19436346782584e-46,4.0929778408686e-43
"ZFP36",-2.09896589354505,7.2804793855331,256.678864077792,1.00306191337479e-45,1.20963366388803e-42
"CPEB3",-2.33824751824853,3.71614910593963,254.219715119217,2.18210294407451e-45,2.48529402535953e-42
"CLEC4G",-5.29373480243191,3.3743894336389,252.662790728398,3.57447225521872e-45,3.856855563381e-42
"LIFR",-2.79507315028485,4.1920457451176,248.054911860428,1.55042830565155e-44,1.58926653470812e-41
"NDST3",-4.3743817612108,-1.98959446380327,247.55981239889,1.81626544159679e-44,1.77310751515122e-41
"GABRD",4.88190417466275,1.72966443562247,290.004223761056,2.77825254786243e-44,2.58895252198762e-41
"FCN2",-4.9789312030956,3.04536524989752,244.45171157787,4.91800057507948e-44,4.3836491212915e-41
"CRHBP",-4.4365414962857,3.70102756576006,240.119581542144,1.98664697445036e-43,1.69701040096695e-40
"TRIB1",-1.94870970049746,6.95788462346094,239.129421719849,2.73689449089205e-43,2.24436295831112e-40
"BMP10",-4.92184016777913,-2.16049157808721,237.905849641545,4.06893382789753e-43,3.2083543232972e-40
"UBE2T",3.53715155449148,2.90134871626948,235.252202498205,9.640155960939e-43,7.31973471685965e-40
"CDKN3",4.54565624689333,2.8121430305411,229.729869589128,5.86795001580846e-42,4.2963872597889e-39
"FCN3",-4.03612185014751,4.65579111772426,229.339351288019,6.67123194564541e-42,4.71610090060954e-39
"SLC26A6",2.89548542680546,4.16384872887526,227.18049190181,1.35779725747267e-41,9.27873385848238e-39
"CLEC4M",-5.52285963823249,2.32094116734838,220.953682743904,1.06846722606447e-40,7.06601503275736e-38
"FOS",-3.0713139660655,6.96394888131163,219.474707938069,1.7491475338585e-40,1.12060229973853e-37
"COLEC10",-3.9556203817712,2.43556699829036,217.26664571902,3.65875890842577e-40,2.27297625398899e-37
"TUBE1",-1.89484870844144,3.44438681680043,238.706722729499,4.50556206359297e-40,2.71672140781528e-37
"C1RL",-1.64614350089013,7.20104495985536,226.459715537296,4.68623121750885e-40,2.74492646257569e-37
"CDC37L1",-1.58843991591717,4.6921798761155,221.727580635748,5.8677208523414e-40,3.34150403316253e-37
"COL15A1",4.43115204142622,4.33575633066789,214.413014910094,9.53195165285216e-40,5.28147407662492e-37
"MARCO",-4.7725961046986,3.85409148633951,212.900445391326,1.58618905805563e-39,8.55748996821012e-37
"CD34",2.17863372656697,5.22018828217119,212.23443991587,1.98566864626092e-39,1.04379981838449e-36
"CETP",-2.81707712440978,3.12935181122451,210.197888767124,3.95220929327131e-39,2.02560606803388e-36
"PRC1",3.49508167774442,4.12262568467754,210.11012643346,4.07139802601718e-39,2.03579831539947e-36
"CDCA5",3.60855987112617,3.46075389915991,208.951699678687,6.02883435620586e-39,2.9427888842042e-36
"CDC25C",5.01884284825567,1.9620181268212,207.705461106458,9.20438509540941e-39,4.38835113583694e-36
"NUF2",4.9433476831861,2.46917596470299,207.178178752994,1.10116658312879e-38,5.13068548198256e-36
"PHLDA1",-2.41410197062452,6.61365058701891,206.931616364187,1.19751945992055e-38,5.45563254396249e-36
"PLSCR4",-1.89665468025136,4.3828014919047,204.51473342567,2.72980077333099e-38,1.21660099247954e-35
"AADAT",-2.79850706325347,3.57715583469941,204.272834631524,2.96498538524763e-38,1.29330139112684e-35
"KIFC1",4.09339387419894,3.67644805384778,203.461130156667,3.91344904184682e-38,1.67145039181045e-35
"CENPF",4.09349696428406,4.42223842363386,202.336709226503,5.75164804674452e-38,2.40641911441448e-35
"ANKRD55",-3.22429058237025,-1.19244537650069,232.026435399637,6.42657146906921e-38,2.62902213680805e-35
"RACGAP1",2.6428785956178,3.72499725709131,201.961994656837,6.54017506351936e-38,2.62902213680805e-35
"KIF4A",4.52211869000566,3.27937822385776,198.656957975492,2.03787369068235e-37,8.03431702551518e-35
"NDC80",3.93502312384159,2.70497999765906,198.309792003851,2.29708081473688e-37,8.88536863828695e-35
"CCNB1",3.44800470726717,4.26251087424511,197.810483680235,2.72906713494523e-37,1.03608528395393e-34
"NTF3",-3.01035677802483,-0.443881201291662,202.863228236202,3.22174627082261e-37,1.2008912781479e-34
"EHD3",-2.14068728620599,2.61269802468182,209.172611884787,3.31732628973735e-37,1.21443761189117e-34
"MELK",4.32787333265202,2.54869127355906,196.873984194568,3.7717407684969e-37,1.35656942973605e-34
"SKA1",4.64790458562955,2.21874951774728,195.964623969631,5.16654067107913e-37,1.82619397065161e-34
"ETS2",-1.62644222458425,7.65225980796092,194.932446176674,7.38852457423617e-37,2.56732444570196e-34
"ACADS",-1.75609907176365,6.77200941690844,194.346527591234,9.05445450379676e-37,3.09375619637229e-34
"NCAPG",3.9919823600353,3.48468853916389,192.395600586479,1.78440360803513e-36,5.99705874890628e-34
"CXCL12",-2.65818677359612,6.10755559475454,191.068331304598,2.83446975741737e-36,9.3724942736796e-34
"CCNB2",4.18296740115453,3.11260957330713,190.567516811071,3.37613041770209e-36,1.09863570941763e-33
"DNASE1L3",-2.89407129218504,4.72348436031695,189.993571120449,4.12603506948414e-36,1.3216850774921e-33
"DUSP6",-1.71153799807344,6.44000509423332,188.654305943287,6.5936243828388e-36,2.07962913034736e-33
"GPR182",-3.47557758026613,-0.390170900980697,187.792392973052,8.92041978908737e-36,2.77087160751637e-33
"CDCA3",3.85782139432359,2.53399073170165,187.606628284329,9.52137568149072e-36,2.91339884845136e-33
"NEK2",4.18279583548443,2.8181868638983,187.276784619063,1.06904491213857e-35,3.2230131976107e-33
"ASPM",3.96645932568765,4.12550396158101,186.016239637658,1.6651782882349e-35,4.94751015755126e-33
"HJURP",4.08739617282635,2.77661426555147,185.595151032397,1.93126916773337e-35,5.65613560110027e-33
"CDK1",3.71774325167356,3.71960779747266,184.916119548522,2.45333393709032e-35,7.08391535835052e-33
"PKMYT1",3.66067344290546,2.59428247734491,184.790951608573,2.5640357686494e-35,7.30073573515019e-33
"DLGAP5",4.41342551657586,2.32384693137023,184.723481188892,2.62577615965187e-35,7.37411466424973e-33
"EGR1",-2.54666349957868,7.27259786357149,184.669428166923,2.67631464191599e-35,7.41447655052968e-33
"CD4",-1.90502084408205,5.85468283227538,184.579617658048,2.76245588556143e-35,7.55108108131931e-33
"BUB1",4.20689574027934,2.67853492733226,184.438870256298,2.90309136838495e-35,7.8310889662184e-33
"FOXM1",3.96627902807837,4.26450824913277,184.242763922343,3.11111805847913e-35,8.28325082037411e-33
"TROAP",4.59098620488463,2.88358765117166,184.18717758842,3.17276252618338e-35,8.33907750631866e-33
"KIF2C",4.54522280179117,3.10419628587492,184.080414571155,3.29462454707636e-35,8.54975922020411e-33
"KIF20A",4.26048049409793,3.14099918061338,183.70313339539,3.76419233498068e-35,9.64621338242986e-33
"CDCA8",3.41913518971123,2.91024433873921,182.972139330836,4.87406289016787e-35,1.23361930013989e-32
"EXO1",4.08091535465395,1.98577160002697,182.869007630031,5.05515395202405e-35,1.26385013622494e-32
"EZH2",2.72005810903147,3.22708347644368,199.926631392316,6.46977961137301e-35,1.59803556400913e-32
"IL1RAP",-2.01704994036591,5.25597329026283,181.98427080645,6.91448598450837e-35,1.68754615676674e-32
"CLEC1B",-5.24092573514555,1.4106199870736,181.744528169444,7.52755280055685e-35,1.8155571760496e-32
"LYVE1",-2.95802596920816,3.0582510627003,180.156886457774,1.32234556926808e-34,3.15225657157732e-32
"AURKA",2.87056667566026,4.09786852384407,180.063910354764,1.36676739907554e-34,3.22070097108594e-32
"TOP2A",4.2255463576437,5.25042443812717,179.546821645444,1.64263422993727e-34,3.82677776681181e-32
"PTTG1",4.10615622169035,3.87598737067609,179.374804502015,1.7462968909138e-34,4.02256545624986e-32
"C8orf4",-2.21233766721655,5.61523577631825,178.422894204298,2.45091720522968e-34,5.5829170693793e-32
"LCAT",-2.63004287004752,5.90139488113388,177.929035708129,2.92276858032092e-34,6.58458007309441e-32
"SKA3",3.87137449276347,1.87811106601656,175.954891623376,5.92132193627965e-34,1.31948935886597e-31
"EPHA2",-2.00581246569862,4.92011918448416,174.68321692371,9.33092602103717e-34,2.05691735868046e-31
"FANCI",2.6983576448761,3.68618919661764,174.348173693586,1.05224878414537e-33,2.29490982167704e-31
"HMMR",3.63666954129894,2.92292743134041,174.082897900073,1.15734912915818e-33,2.49755942072336e-31
"CENPA",4.39429847311956,1.44218075724238,173.664089031492,1.34517093894363e-33,2.87264056450869e-31
"ETFDH",-1.642004343572,5.90653196502837,173.439004647406,1.4584725299936e-33,3.08248921004112e-31
"CDC20",4.59427150395715,4.0069742735098,170.913357413122,3.62156676530259e-33,7.57609594443554e-31
"KIF18B",4.18911881573276,2.40575019488046,170.328424831991,4.47318322976196e-33,9.26310397912626e-31
"TTK",4.63780787210375,2.10856991690819,170.115914301504,4.8301627027685e-33,9.9023165569457e-31
